name: pyref
channels:
  - conda-forge
dependencies:
  - brotli-python=1.1.0=py312h53d5487_1
  - bzip2=1.0.8=hcfcfb64_5
  - ca-certificates=2023.11.17=h56e8100_0
  - certifi=2023.11.17=pyhd8ed1ab_0
  - charset-normalizer=3.3.2=pyhd8ed1ab_0
  - et_xmlfile=1.1.0=pyhd8ed1ab_0
  - freetype=2.12.1=hdaf720e_2
  - idna=3.6=pyhd8ed1ab_0
  - intel-openmp=2024.0.0=h57928b3_49840
  - jaraco.classes=3.3.0=pyhd8ed1ab_0
  - keyring=24.3.0=py312h2e8e312_0
  - lcms2=2.16=h67d730c_0
  - lerc=4.0.0=h63175ca_0
  - libblas=3.9.0=18_win64_mkl
  - libcblas=3.9.0=18_win64_mkl
  - libdeflate=1.19=hcfcfb64_0
  - libexpat=2.5.0=h63175ca_1
  - libffi=3.4.2=h8ffe710_5
  - libhwloc=2.9.3=default_haede6df_1009
  - libiconv=1.17=hcfcfb64_2
  - libjpeg-turbo=3.0.0=hcfcfb64_1
  - liblapack=3.9.0=18_win64_mkl
  - libpng=1.6.39=h19919ed_0
  - libsqlite=3.44.2=hcfcfb64_0
  - libtiff=4.6.0=h6e2ebb7_2
  - libwebp-base=1.3.2=hcfcfb64_0
  - libxcb=1.15=hcd874cb_0
  - libxml2=2.11.6=hc3477c8_0
  - libzlib=1.2.13=hcfcfb64_5
  - m2w64-gcc-libgfortran=5.3.0=6
  - m2w64-gcc-libs=5.3.0=7
  - m2w64-gcc-libs-core=5.3.0=7
  - m2w64-gmp=6.1.0=2
  - m2w64-libwinpthread-git=5.0.0.4634.697f757=2
  - mkl=2022.1.0=h6a75c08_874
  - more-itertools=10.1.0=pyhd8ed1ab_0
  - msys2-conda-epoch=20160418=1
  - numpy=1.26.3=py312h8753938_0
  - openjpeg=2.5.0=h3d672ee_3
  - openpyxl=3.1.2=py312he70551f_1
  - openssl=3.2.0=hcfcfb64_1
  - pandas=2.1.4=py312h2ab9e98_0
  - pillow=10.2.0=py312he768995_0
  - pip=23.3.2=pyhd8ed1ab_0
  - pthread-stubs=0.4=hcd874cb_1001
  - pthreads-win32=2.9.1=hfa6e2cd_3
  - pysocks=1.7.1=pyh0701188_6
  - python=3.12.1=h2628c8c_1_cpython
  - python-dateutil=2.8.2=pyhd8ed1ab_0
  - python-tzdata=2023.4=pyhd8ed1ab_0
  - python_abi=3.12=4_cp312
  - pytz=2023.3.post1=pyhd8ed1ab_0
  - pywin32-ctypes=0.2.2=py312h2e8e312_1
  - requests=2.31.0=pyhd8ed1ab_0
  - setuptools=69.0.3=pyhd8ed1ab_0
  - six=1.16.0=pyh6c4a22f_0
  - tbb=2021.11.0=h91493d7_0
  - tk=8.6.13=h5226925_1
  - transitions=0.9.0=pyhd8ed1ab_0
  - tzdata=2023d=h0c530f3_0
  - ucrt=10.0.22621.0=h57928b3_0
  - urllib3=2.1.0=pyhd8ed1ab_0
  - vc=14.3=hcf57466_18
  - vc14_runtime=14.38.33130=h82b7239_18
  - vs2015_runtime=14.38.33130=hcb4865c_18
  - wheel=0.42.0=pyhd8ed1ab_0
  - win_inet_pton=1.1.0=pyhd8ed1ab_6
  - xorg-libxau=1.0.11=hcd874cb_0
  - xorg-libxdmcp=1.1.3=hcd874cb_0
  - xz=5.2.6=h8d14728_0
  - zstd=1.5.5=h12be248_0
  - pip:
      - attrs==23.2.0
      - cffi==1.16.0
      - h11==0.14.0
      - helium==5.0.0
      - outcome==1.3.0.post0
      - pycparser==2.21
      - selenium==4.16.0
      - sniffio==1.3.0
      - sortedcontainers==2.4.0
      - trio==0.23.2
      - trio-websocket==0.11.1
      - wsproto==1.2.0